(kicad_pcb (version 20171130) (host pcbnew 5.0.2-bee76a0~70~ubuntu16.04.1)

  (general
    (thickness 1.6)
    (drawings 45)
    (tracks 484)
    (zones 0)
    (modules 49)
    (nets 34)
  )

  (page A4)
  (layers
    (0 F.Cu signal)
    (31 B.Cu signal)
    (32 B.Adhes user)
    (33 F.Adhes user)
    (34 B.Paste user)
    (35 F.Paste user)
    (36 B.SilkS user)
    (37 F.SilkS user)
    (38 B.Mask user)
    (39 F.Mask user)
    (40 Dwgs.User user hide)
    (41 Cmts.User user)
    (42 Eco1.User user)
    (43 Eco2.User user)
    (44 Edge.Cuts user)
    (45 Margin user)
    (46 B.CrtYd user)
    (47 F.CrtYd user)
    (48 B.Fab user)
    (49 F.Fab user)
  )

  (setup
    (last_trace_width 0.25)
    (trace_clearance 0.2)
    (zone_clearance 0.508)
    (zone_45_only no)
    (trace_min 0.2)
    (segment_width 0.2)
    (edge_width 0.15)
    (via_size 0.8)
    (via_drill 0.4)
    (via_min_size 0.4)
    (via_min_drill 0.3)
    (uvia_size 0.3)
    (uvia_drill 0.1)
    (uvias_allowed no)
    (uvia_min_size 0.2)
    (uvia_min_drill 0.1)
    (pcb_text_width 0.3)
    (pcb_text_size 1.5 1.5)
    (mod_edge_width 0.15)
    (mod_text_size 1 1)
    (mod_text_width 0.15)
    (pad_size 1.524 1.524)
    (pad_drill 0.762)
    (pad_to_mask_clearance 0)
    (aux_axis_origin 0 0)
    (grid_origin 137.5 105)
    (visible_elements FFFFFF7F)
    (pcbplotparams
      (layerselection 0x010f0_ffffffff)
      (usegerberextensions true)
      (usegerberattributes false)
      (usegerberadvancedattributes false)
      (creategerberjobfile false)
      (excludeedgelayer true)
      (linewidth 0.100000)
      (plotframeref false)
      (viasonmask false)
      (mode 1)
      (useauxorigin false)
      (hpglpennumber 1)
      (hpglpenspeed 20)
      (hpglpendiameter 15.000000)
      (psnegative false)
      (psa4output false)
      (plotreference true)
      (plotvalue true)
      (plotinvisibletext false)
      (padsonsilk false)
      (subtractmaskfromsilk false)
      (outputformat 1)
      (mirror false)
      (drillshape 0)
      (scaleselection 1)
      (outputdirectory "gerber/"))
  )

  (net 0 "")
  (net 1 GND)
  (net 2 +24V)
  (net 3 +3V3)
  (net 4 "Net-(C9-Pad1)")
  (net 5 "Net-(D1-Pad2)")
  (net 6 "Net-(D2-Pad2)")
  (net 7 "Net-(D3-Pad2)")
  (net 8 SWCLK)
  (net 9 SWDI0)
  (net 10 NRST)
  (net 11 UART_TX)
  (net 12 "Net-(R3-Pad1)")
  (net 13 SDA)
  (net 14 SCL)
  (net 15 ADC_RDY)
  (net 16 /PANEL_SENSE)
  (net 17 /BATT_SENSE)
  (net 18 /PWM)
  (net 19 /FR_DIAG)
  (net 20 CURRENT_SENSE)
  (net 21 "Net-(R13-Pad1)")
  (net 22 /AIN3)
  (net 23 "Net-(U2-Pad4)")
  (net 24 "Net-(U3-Pad9)")
  (net 25 -BATT)
  (net 26 /INPUT)
  (net 27 "Net-(R12-Pad2)")
  (net 28 /LED_4)
  (net 29 /LED_1)
  (net 30 /LED_2)
  (net 31 /LED_3)
  (net 32 /OUT)
  (net 33 /DIODE)

  (net_class Default "This is the default net class."
    (clearance 0.2)
    (trace_width 0.25)
    (via_dia 0.8)
    (via_drill 0.4)
    (uvia_dia 0.3)
    (uvia_drill 0.1)
    (add_net +24V)
    (add_net +3V3)
    (add_net -BATT)
    (add_net /AIN3)
    (add_net /BATT_SENSE)
    (add_net /DIODE)
    (add_net /FR_DIAG)
    (add_net /INPUT)
    (add_net /LED_1)
    (add_net /LED_2)
    (add_net /LED_3)
    (add_net /LED_4)
    (add_net /OUT)
    (add_net /PANEL_SENSE)
    (add_net /PWM)
    (add_net ADC_RDY)
    (add_net CURRENT_SENSE)
    (add_net GND)
    (add_net NRST)
    (add_net "Net-(C9-Pad1)")
    (add_net "Net-(D1-Pad2)")
    (add_net "Net-(D2-Pad2)")
    (add_net "Net-(D3-Pad2)")
    (add_net "Net-(R12-Pad2)")
    (add_net "Net-(R13-Pad1)")
    (add_net "Net-(R3-Pad1)")
    (add_net "Net-(U2-Pad4)")
    (add_net "Net-(U3-Pad9)")
    (add_net SCL)
    (add_net SDA)
    (add_net SWCLK)
    (add_net SWDI0)
    (add_net UART_TX)
  )

  (module theapi:TheApiLogoSmall (layer B.Cu) (tedit 5C8A9E0E) (tstamp 5CA149F2)
    (at 108 113.75 180)
    (fp_text reference REF** (at 0.14 0.84 180) (layer B.Fab)
      (effects (font (size 1 1) (thickness 0.15)) (justify mirror))
    )
    (fp_text value TheApiLogo (at -0.03 -11.45 180) (layer B.Fab)
      (effects (font (size 1 1) (thickness 0.15)) (justify mirror))
    )
    (fp_line (start 1.12 -9.28) (end 1.26 -9.01) (layer B.SilkS) (width 0.15))
    (fp_line (start 1.26 -9.01) (end 1.38 -8.82) (layer B.SilkS) (width 0.15))
    (fp_line (start 1.38 -8.82) (end 1.55 -8.63) (layer B.SilkS) (width 0.15))
    (fp_line (start 1.55 -8.63) (end 1.73 -8.46) (layer B.SilkS) (width 0.15))
    (fp_line (start 1.73 -8.46) (end 1.41 -8.5) (layer B.SilkS) (width 0.15))
    (fp_line (start 1.41 -8.5) (end 1.29 -8.63) (layer B.SilkS) (width 0.15))
    (fp_line (start 1.29 -8.63) (end 1.09 -8.87) (layer B.SilkS) (width 0.15))
    (fp_line (start 0.2 -4.74) (end 0.65 -5.8) (layer B.SilkS) (width 0.15))
    (fp_line (start 0.65 -5.8) (end 0.93 -6.25) (layer B.SilkS) (width 0.15))
    (fp_line (start 0.93 -6.25) (end 1.09 -6.7) (layer B.SilkS) (width 0.15))
    (fp_line (start 1.09 -6.7) (end 1.09 -7.14) (layer B.SilkS) (width 0.15))
    (fp_line (start 1.09 -7.14) (end 1.09 -7.65) (layer B.SilkS) (width 0.15))
    (fp_line (start 1.09 -7.65) (end 0.93 -8.21) (layer B.SilkS) (width 0.15))
    (fp_line (start 0.93 -8.21) (end 0.93 -8.6) (layer B.SilkS) (width 0.15))
    (fp_line (start 0.93 -8.6) (end 1.15 -9.55) (layer B.SilkS) (width 0.15))
    (fp_line (start 1.15 -9.55) (end 1.26 -9.99) (layer B.SilkS) (width 0.15))
    (fp_line (start 1.26 -9.99) (end 1.21 -9.99) (layer B.SilkS) (width 0.15))
    (fp_line (start 0.21 -2.21) (end 0.06 -2.33) (layer B.SilkS) (width 0.15))
    (fp_line (start 0.06 -2.33) (end -0.03 -2.52) (layer B.SilkS) (width 0.15))
    (fp_line (start -0.03 -2.52) (end 0.07 -2.62) (layer B.SilkS) (width 0.15))
    (fp_line (start 0.07 -2.62) (end 0.23 -2.68) (layer B.SilkS) (width 0.15))
    (fp_line (start 0.23 -2.68) (end 0.41 -2.64) (layer B.SilkS) (width 0.15))
    (fp_line (start 0.41 -2.64) (end 0.53 -2.47) (layer B.SilkS) (width 0.15))
    (fp_line (start 0.53 -2.47) (end 0.5 -2.35) (layer B.SilkS) (width 0.15))
    (fp_line (start 0.5 -2.35) (end 0.41 -2.24) (layer B.SilkS) (width 0.15))
    (fp_line (start 0.41 -2.24) (end 0.23 -2.2) (layer B.SilkS) (width 0.15))
    (fp_line (start -1.01 -2.33) (end -1.13 -2.55) (layer B.SilkS) (width 0.15))
    (fp_line (start -1.13 -2.55) (end -1.15 -2.7) (layer B.SilkS) (width 0.15))
    (fp_line (start -1.15 -2.7) (end -1.05 -2.79) (layer B.SilkS) (width 0.15))
    (fp_line (start -1.05 -2.79) (end -0.9 -2.87) (layer B.SilkS) (width 0.15))
    (fp_line (start -0.9 -2.87) (end -0.75 -2.77) (layer B.SilkS) (width 0.15))
    (fp_line (start -0.75 -2.77) (end -0.63 -2.62) (layer B.SilkS) (width 0.15))
    (fp_line (start -0.63 -2.62) (end -0.61 -2.52) (layer B.SilkS) (width 0.15))
    (fp_line (start -0.61 -2.52) (end -0.72 -2.44) (layer B.SilkS) (width 0.15))
    (fp_line (start -0.72 -2.44) (end -0.98 -2.38) (layer B.SilkS) (width 0.15))
    (fp_line (start -0.86 -3.37) (end -0.52 -3.64) (layer B.SilkS) (width 0.15))
    (fp_line (start -0.52 -3.64) (end -0.37 -3.71) (layer B.SilkS) (width 0.15))
    (fp_line (start -0.37 -3.71) (end -0.18 -3.71) (layer B.SilkS) (width 0.15))
    (fp_line (start -0.18 -3.71) (end -0.03 -3.71) (layer B.SilkS) (width 0.15))
    (fp_line (start -0.03 -3.71) (end 0.13 -3.71) (layer B.SilkS) (width 0.15))
    (fp_line (start 0.13 -3.71) (end 0.28 -3.64) (layer B.SilkS) (width 0.15))
    (fp_line (start 0.28 -3.64) (end 0.51 -3.45) (layer B.SilkS) (width 0.15))
    (fp_line (start 0.51 -3.45) (end 0.62 -3.25) (layer B.SilkS) (width 0.15))
    (fp_line (start 0.62 -3.25) (end 0.74 -3.03) (layer B.SilkS) (width 0.15))
    (fp_line (start 0.74 -3.03) (end 0.66 -3.1) (layer B.SilkS) (width 0.15))
    (fp_line (start 1.27 -3.29) (end 1.69 -3.79) (layer B.SilkS) (width 0.15))
    (fp_line (start 1.69 -3.79) (end 1.92 -4.32) (layer B.SilkS) (width 0.15))
    (fp_line (start 1.92 -4.32) (end 1.92 -4.78) (layer B.SilkS) (width 0.15))
    (fp_line (start 1.92 -4.78) (end 1.73 -5.05) (layer B.SilkS) (width 0.15))
    (fp_line (start 1.73 -5.05) (end 1.38 -5.31) (layer B.SilkS) (width 0.15))
    (fp_line (start 1.38 -5.31) (end 1.04 -5.31) (layer B.SilkS) (width 0.15))
    (fp_line (start 1.04 -5.31) (end 0.74 -5.16) (layer B.SilkS) (width 0.15))
    (fp_line (start 0.74 -5.16) (end 0.55 -4.97) (layer B.SilkS) (width 0.15))
    (fp_line (start 0.55 -4.97) (end 0.32 -4.59) (layer B.SilkS) (width 0.15))
    (fp_line (start 0.32 -4.59) (end 0.16 -4.36) (layer B.SilkS) (width 0.15))
    (fp_line (start 0.93 -2.07) (end 1.57 -1.88) (layer B.SilkS) (width 0.15))
    (fp_line (start 1.57 -1.88) (end 2.07 -1.85) (layer B.SilkS) (width 0.15))
    (fp_line (start 2.07 -1.85) (end 2.6 -2.19) (layer B.SilkS) (width 0.15))
    (fp_line (start 2.6 -2.19) (end 2.68 -2.61) (layer B.SilkS) (width 0.15))
    (fp_line (start 2.68 -2.61) (end 2.68 -2.91) (layer B.SilkS) (width 0.15))
    (fp_line (start 2.68 -2.91) (end 2.53 -3.22) (layer B.SilkS) (width 0.15))
    (fp_line (start 2.53 -3.22) (end 2.18 -3.33) (layer B.SilkS) (width 0.15))
    (fp_line (start 2.18 -3.33) (end 1.88 -3.41) (layer B.SilkS) (width 0.15))
    (fp_line (start 1.88 -3.41) (end 1.54 -3.37) (layer B.SilkS) (width 0.15))
    (fp_line (start 1.54 -3.37) (end 1.31 -3.29) (layer B.SilkS) (width 0.15))
    (fp_line (start 1.31 -3.29) (end 1.15 -3.22) (layer B.SilkS) (width 0.15))
    (fp_line (start -1.4 -3.79) (end -1.55 -4.36) (layer B.SilkS) (width 0.15))
    (fp_line (start -1.55 -4.36) (end -1.59 -4.93) (layer B.SilkS) (width 0.15))
    (fp_line (start -1.59 -4.93) (end -1.32 -5.46) (layer B.SilkS) (width 0.15))
    (fp_line (start -1.32 -5.46) (end -0.83 -5.77) (layer B.SilkS) (width 0.15))
    (fp_line (start -0.83 -5.77) (end -0.25 -5.66) (layer B.SilkS) (width 0.15))
    (fp_line (start -0.25 -5.66) (end -0.03 -5.31) (layer B.SilkS) (width 0.15))
    (fp_line (start -0.03 -5.31) (end 0.09 -4.97) (layer B.SilkS) (width 0.15))
    (fp_line (start 0.09 -4.97) (end 0.16 -4.63) (layer B.SilkS) (width 0.15))
    (fp_line (start 0.16 -4.63) (end 0.16 -4.36) (layer B.SilkS) (width 0.15))
    (fp_line (start -1.55 -2.34) (end -2.08 -2.57) (layer B.SilkS) (width 0.15))
    (fp_line (start -2.08 -2.57) (end -2.5 -2.84) (layer B.SilkS) (width 0.15))
    (fp_line (start -2.5 -2.84) (end -2.66 -3.14) (layer B.SilkS) (width 0.15))
    (fp_line (start -2.66 -3.14) (end -2.73 -3.41) (layer B.SilkS) (width 0.15))
    (fp_line (start -2.73 -3.41) (end -2.73 -3.67) (layer B.SilkS) (width 0.15))
    (fp_line (start -2.73 -3.67) (end -2.66 -3.9) (layer B.SilkS) (width 0.15))
    (fp_line (start -2.66 -3.9) (end -2.31 -4.21) (layer B.SilkS) (width 0.15))
    (fp_line (start -2.31 -4.21) (end -1.93 -4.21) (layer B.SilkS) (width 0.15))
    (fp_line (start -1.93 -4.21) (end -1.74 -4.09) (layer B.SilkS) (width 0.15))
    (fp_line (start -1.74 -4.09) (end -1.47 -3.79) (layer B.SilkS) (width 0.15))
    (fp_line (start -1.47 -3.79) (end -1.4 -3.79) (layer B.SilkS) (width 0.15))
    (fp_line (start -0.18 -1.54) (end -0.52 -0.93) (layer B.SilkS) (width 0.15))
    (fp_line (start -0.52 -0.93) (end -0.86 -0.74) (layer B.SilkS) (width 0.15))
    (fp_line (start -0.86 -0.74) (end -1.44 -0.66) (layer B.SilkS) (width 0.15))
    (fp_line (start -1.44 -0.66) (end -1.86 -0.82) (layer B.SilkS) (width 0.15))
    (fp_line (start -1.86 -0.82) (end -2.16 -1.12) (layer B.SilkS) (width 0.15))
    (fp_line (start -2.16 -1.12) (end -2.27 -1.73) (layer B.SilkS) (width 0.15))
    (fp_line (start -2.27 -1.73) (end -2.08 -2.15) (layer B.SilkS) (width 0.15))
    (fp_line (start -2.08 -2.15) (end -1.82 -2.3) (layer B.SilkS) (width 0.15))
    (fp_line (start -1.82 -2.3) (end -1.59 -2.34) (layer B.SilkS) (width 0.15))
    (fp_line (start -1.59 -2.34) (end -1.51 -2.34) (layer B.SilkS) (width 0.15))
    (fp_line (start -1.51 -2.34) (end -1.51 -2.38) (layer B.SilkS) (width 0.15))
    (fp_line (start -0.18 -1.5) (end -0.03 -1.12) (layer B.SilkS) (width 0.15))
    (fp_line (start -0.03 -1.12) (end 0.2 -0.93) (layer B.SilkS) (width 0.15))
    (fp_line (start 0.2 -0.93) (end 0.55 -0.63) (layer B.SilkS) (width 0.15))
    (fp_line (start 0.55 -0.63) (end 0.93 -0.59) (layer B.SilkS) (width 0.15))
    (fp_line (start 0.93 -0.59) (end 1.31 -0.74) (layer B.SilkS) (width 0.15))
    (fp_line (start 1.31 -0.74) (end 1.46 -1.04) (layer B.SilkS) (width 0.15))
    (fp_line (start 1.46 -1.04) (end 1.5 -1.39) (layer B.SilkS) (width 0.15))
    (fp_line (start 1.5 -1.39) (end 1.46 -1.58) (layer B.SilkS) (width 0.15))
    (fp_line (start 1.46 -1.58) (end 1.31 -1.73) (layer B.SilkS) (width 0.15))
    (fp_line (start 1.31 -1.73) (end 1.12 -1.81) (layer B.SilkS) (width 0.15))
    (fp_line (start 1.12 -1.81) (end 0.89 -1.92) (layer B.SilkS) (width 0.15))
    (fp_circle (center -0.17 -2.94) (end 0.83 -1.94) (layer B.SilkS) (width 0.15))
  )

  (module theapi:Voltmeter_Header_1x03 (layer F.Cu) (tedit 5C8A9BFA) (tstamp 5CA1453F)
    (at 101.3 100.5 90)
    (descr "surface-mounted straight pin header, 1x03, 2.54mm pitch, single row, style 2 (pin 1 right)")
    (tags "Surface mounted pin header SMD 1x03 2.54mm single row style2 pin1 right")
    (path /5C8760FB)
    (attr smd)
    (fp_text reference J3 (at 0 -4.87 90) (layer F.Fab)
      (effects (font (size 1 1) (thickness 0.15)))
    )
    (fp_text value Voltmeter (at 0 4.87 90) (layer F.Fab)
      (effects (font (size 1 1) (thickness 0.15)))
    )
    (fp_line (start -1.27 -0.32) (end -2.54 -0.32) (layer F.Fab) (width 0.1))
    (fp_line (start -2.54 -0.32) (end -2.54 0.32) (layer F.Fab) (width 0.1))
    (fp_line (start -2.54 0.32) (end -1.27 0.32) (layer F.Fab) (width 0.1))
    (fp_line (start 1.27 -2.86) (end 2.54 -2.86) (layer F.Fab) (width 0.1))
    (fp_line (start 2.54 -2.86) (end 2.54 -2.22) (layer F.Fab) (width 0.1))
    (fp_line (start 2.54 -2.22) (end 1.27 -2.22) (layer F.Fab) (width 0.1))
    (fp_line (start 1.27 2.22) (end 2.54 2.22) (layer F.Fab) (width 0.1))
    (fp_line (start 2.54 2.22) (end 2.54 2.86) (layer F.Fab) (width 0.1))
    (fp_line (start 2.54 2.86) (end 1.27 2.86) (layer F.Fab) (width 0.1))
    (fp_line (start -1.33 -4.11) (end 1.33 -4.11) (layer F.SilkS) (width 0.12))
    (fp_line (start -1.33 -4.11) (end -1.33 -1.31) (layer F.SilkS) (width 0.12))
    (fp_line (start 1.32 -3.82) (end 2.84 -3.82) (layer F.SilkS) (width 0.12))
    (fp_line (start -1.33 3.3) (end -1.33 3.87) (layer F.SilkS) (width 0.12))
    (fp_line (start -1.33 1.44) (end -1.33 4) (layer F.SilkS) (width 0.12))
    (fp_line (start -3.45 4.35) (end 3.45 4.35) (layer F.CrtYd) (width 0.05))
    (fp_text user %R (at 0 0 180) (layer F.Fab)
      (effects (font (size 1 1) (thickness 0.15)))
    )
    (fp_line (start -1.34 4.02) (end 1.32 4.02) (layer F.SilkS) (width 0.12))
    (fp_text user - (at -0.63 -2.57 180) (layer F.SilkS)
      (effects (font (size 1 1) (thickness 0.15)))
    )
    (fp_text user + (at -0.56 2.59 90) (layer F.SilkS)
      (effects (font (size 1 1) (thickness 0.15)))
    )
    (fp_text user V (at 0.75 -0.05) (layer F.SilkS)
      (effects (font (size 1 1) (thickness 0.15)))
    )
    (pad 2 smd rect (at -1.655 0 90) (size 2.51 2) (layers F.Cu F.Paste F.Mask)
      (net 33 /DIODE))
    (pad 1 smd rect (at 1.655 -2.54 90) (size 2.51 2) (layers F.Cu F.Paste F.Mask)
      (net 1 GND))
    (pad 3 smd rect (at 1.655 2.54 90) (size 2.51 2) (layers F.Cu F.Paste F.Mask)
      (net 2 +24V))
    (model ${KISYS3DMOD}/Connector_PinHeader_2.54mm.3dshapes/PinHeader_1x03_P2.54mm_Vertical_SMD_Pin1Right.wrl
      (at (xyz 0 0 0))
      (scale (xyz 1 1 1))
      (rotate (xyz 0 0 0))
    )
  )

  (module theapi:TerminalBlock_Meter (layer B.Cu) (tedit 5C8A9ADA) (tstamp 5C99C38B)
    (at 92.5 108)
    (descr "simple 2-pin terminal block, pitch 5.08mm, revamped version of bornier2")
    (tags "terminal block bornier2")
    (path /5C87CDCA)
    (fp_text reference BT1 (at 2.54 5.08) (layer B.Fab)
      (effects (font (size 1 1) (thickness 0.15)) (justify mirror))
    )
    (fp_text value Battery_Meter (at 2.54 -5.08) (layer B.Fab)
      (effects (font (size 1 1) (thickness 0.15)) (justify mirror))
    )
    (fp_line (start 7.79 -4) (end -2.71 -4) (layer B.CrtYd) (width 0.05))
    (fp_line (start 7.79 -4) (end 7.79 4) (layer B.CrtYd) (width 0.05))
    (fp_line (start -2.71 4) (end -2.71 -4) (layer B.CrtYd) (width 0.05))
    (fp_line (start -2.71 4) (end 7.79 4) (layer B.CrtYd) (width 0.05))
    (fp_line (start -2.54 -3.81) (end 7.62 -3.81) (layer B.SilkS) (width 0.12))
    (fp_line (start -2.54 3.81) (end -2.54 -3.81) (layer B.SilkS) (width 0.12))
    (fp_line (start 7.62 3.81) (end -2.54 3.81) (layer B.SilkS) (width 0.12))
    (fp_line (start 7.62 -3.81) (end 7.62 3.81) (layer B.SilkS) (width 0.12))
    (fp_line (start 7.62 -2.54) (end -2.54 -2.54) (layer B.SilkS) (width 0.12))
    (fp_line (start 7.54 3.75) (end -2.46 3.75) (layer B.Fab) (width 0.1))
    (fp_line (start 7.54 -3.75) (end 7.54 3.75) (layer B.Fab) (width 0.1))
    (fp_line (start -2.46 -3.75) (end 7.54 -3.75) (layer B.Fab) (width 0.1))
    (fp_line (start -2.46 3.75) (end -2.46 -3.75) (layer B.Fab) (width 0.1))
    (fp_line (start -2.41 -2.55) (end 7.49 -2.55) (layer B.Fab) (width 0.1))
    (fp_text user %R (at 2.54 0) (layer B.Fab)
      (effects (font (size 1 1) (thickness 0.15)) (justify mirror))
    )
    (fp_line (start -1.68 -4.07) (end 1.54 -4.07) (layer F.SilkS) (width 0.15))
    (fp_line (start -2 -13.47) (end -2 -4.41) (layer F.SilkS) (width 0.15))
    (fp_line (start -0.06 -10.01) (end -0.07 -8.33) (layer F.SilkS) (width 0.15))
    (fp_line (start -0.08 -8.31) (end -0.55 -8.8) (layer F.SilkS) (width 0.15))
    (fp_line (start -0.07 -8.28) (end 0.42 -8.81) (layer F.SilkS) (width 0.15))
    (pad 3 thru_hole circle (at 0 -6) (size 3 3) (drill 1.52) (layers *.Cu *.Mask)
      (net 25 -BATT))
    (pad 2 thru_hole rect (at 0 -12) (size 3 3) (drill 1.52) (layers *.Cu *.Mask)
      (net 1 GND))
    (pad 3 thru_hole circle (at 0 0) (size 3 3) (drill 1.52) (layers *.Cu *.Mask)
      (net 25 -BATT))
    (pad 1 thru_hole rect (at 5.08 0) (size 3 3) (drill 1.52) (layers *.Cu *.Mask)
      (net 33 /DIODE))
    (model ${KISYS3DMOD}/TerminalBlock.3dshapes/TerminalBlock_bornier-2_P5.08mm.wrl
      (offset (xyz 2.539999961853027 0 0))
      (scale (xyz 1 1 1))
      (rotate (xyz 0 0 0))
    )
  )

  (module theapi:Octapak (layer B.Cu) (tedit 5C896936) (tstamp 5C8DA3F8)
    (at 137.5 112)
    (descr "Infineon PG-TO-220-7, Tab as Pin 8, see e.g. https://www.infineon.com/dgdl/Infineon-BTS50055-1TMC-DS-v01_00-EN.pdf?fileId=5546d4625a888733015aa9b0007235e9")
    (tags "Infineon PG-TO-220-7")
    (path /5C7F933B)
    (attr smd)
    (fp_text reference U4 (at -2.25 2.5) (layer B.Fab)
      (effects (font (size 1 1) (thickness 0.15)) (justify mirror))
    )
    (fp_text value VN7003ALH (at 0 -6.5) (layer B.Fab)
      (effects (font (size 1 1) (thickness 0.15)) (justify mirror))
    )
    (fp_text user %R (at 2.65 0.1) (layer B.Fab)
      (effects (font (size 1 1) (thickness 0.15)) (justify mirror))
    )
    (fp_line (start 5.925 5) (end 6.925 5) (layer B.Fab) (width 0.1))
    (fp_line (start 6.925 5) (end 6.925 -5) (layer B.Fab) (width 0.1))
    (fp_line (start 5.925 -5) (end 6.925 -5) (layer B.Fab) (width 0.1))
    (fp_line (start -3.4 4) (end -2.4 5) (layer B.Fab) (width 0.1))
    (fp_line (start -4.35 -4.7) (end -3.65 -4.7) (layer B.SilkS) (width 0.12))
    (fp_line (start -3.65 -4.7) (end -3.65 -4.8) (layer B.SilkS) (width 0.12))
    (fp_line (start -2.45 -5.2) (end -3.65 -5.2) (layer B.SilkS) (width 0.12))
    (fp_line (start -3.65 -5.2) (end -3.65 -4.8) (layer B.SilkS) (width 0.12))
    (fp_line (start -3.65 5.2) (end -2.45 5.2) (layer B.SilkS) (width 0.12))
    (fp_line (start -8.075 4.7) (end -3.65 4.7) (layer B.SilkS) (width 0.12))
    (fp_line (start -3.65 4.7) (end -3.65 5.2) (layer B.SilkS) (width 0.12))
    (fp_line (start -3.4 -5) (end 5.85 -5) (layer B.Fab) (width 0.1))
    (fp_line (start -2.4 5) (end 5.925 5) (layer B.Fab) (width 0.1))
    (fp_line (start -3.4 4) (end -3.4 -5) (layer B.Fab) (width 0.1))
    (fp_line (start 5.925 5) (end 5.925 -5) (layer B.Fab) (width 0.1))
    (fp_line (start -8.32 5.65) (end 8.33 5.65) (layer B.CrtYd) (width 0.05))
    (fp_line (start -8.32 5.65) (end -8.32 -5.65) (layer B.CrtYd) (width 0.05))
    (fp_line (start 8.33 -5.65) (end 8.33 5.65) (layer B.CrtYd) (width 0.05))
    (fp_line (start 8.33 -5.65) (end -8.32 -5.65) (layer B.CrtYd) (width 0.05))
    (pad 8 smd rect (at 3.375 0) (size 9.4 10.8) (layers B.Cu B.Mask)
      (net 2 +24V))
    (pad 6 smd rect (at -5.775 -2.54) (size 4.6 0.8) (layers B.Cu B.Paste B.Mask)
      (net 19 /FR_DIAG))
    (pad 5 smd rect (at -5.775 -1.27) (size 4.6 0.8) (layers B.Cu B.Paste B.Mask)
      (net 21 "Net-(R13-Pad1)"))
    (pad 3 smd rect (at -5.775 1.27) (size 4.6 0.8) (layers B.Cu B.Paste B.Mask)
      (net 32 /OUT))
    (pad 2 smd rect (at -5.775 2.54) (size 4.6 2) (layers B.Cu B.Paste B.Mask)
      (net 32 /OUT))
    (pad 1 smd rect (at -5.775 3.81) (size 4.6 0.8) (layers B.Cu B.Paste B.Mask)
      (net 32 /OUT))
    (pad 4 smd rect (at -5.775 0) (size 4.6 0.8) (layers B.Cu B.Paste B.Mask)
      (net 26 /INPUT))
    (pad 7 smd rect (at -5.775 -3.81) (size 4.6 0.8) (layers B.Cu B.Paste B.Mask)
      (net 1 GND))
    (pad "" smd rect (at 1 2.75) (size 4.6 5.3) (layers B.Paste))
    (pad "" smd rect (at 5.75 2.75) (size 4.6 5.3) (layers B.Paste))
    (pad "" smd rect (at 5.75 -2.75) (size 4.6 5.3) (layers B.Paste))
    (pad "" smd rect (at 1 -2.75) (size 4.6 5.3) (layers B.Paste))
    (model ${KISYS3DMOD}/Package_TO_SOT_SMD.3dshapes/Infineon_PG-TO-220-7Lead_TabPin8.wrl
      (at (xyz 0 0 0))
      (scale (xyz 1 1 1))
      (rotate (xyz 0 0 0))
    )
  )

  (module Capacitor_SMD:C_0603_1608Metric_Pad1.05x0.95mm_HandSolder (layer F.Cu) (tedit 5B301BBE) (tstamp 5C8B69C1)
    (at 149.45 119.125 270)
    (descr "Capacitor SMD 0603 (1608 Metric), square (rectangular) end terminal, IPC_7351 nominal with elongated pad for handsoldering. (Body size source: http://www.tortai-tech.com/upload/download/2011102023233369053.pdf), generated with kicad-footprint-generator")
    (tags "capacitor handsolder")
    (path /5C8080FA)
    (attr smd)
    (fp_text reference C1 (at 0.375 1.85) (layer F.SilkS)
      (effects (font (size 1 1) (thickness 0.15)))
    )
    (fp_text value 10uF (at 3.5 0 270) (layer F.Fab)
      (effects (font (size 1 1) (thickness 0.15)))
    )
    (fp_line (start -0.8 0.4) (end -0.8 -0.4) (layer F.Fab) (width 0.1))
    (fp_line (start -0.8 -0.4) (end 0.8 -0.4) (layer F.Fab) (width 0.1))
    (fp_line (start 0.8 -0.4) (end 0.8 0.4) (layer F.Fab) (width 0.1))
    (fp_line (start 0.8 0.4) (end -0.8 0.4) (layer F.Fab) (width 0.1))
    (fp_line (start -0.171267 -0.51) (end 0.171267 -0.51) (layer F.SilkS) (width 0.12))
    (fp_line (start -0.171267 0.51) (end 0.171267 0.51) (layer F.SilkS) (width 0.12))
    (fp_line (start -1.65 0.73) (end -1.65 -0.73) (layer F.CrtYd) (width 0.05))
    (fp_line (start -1.65 -0.73) (end 1.65 -0.73) (layer F.CrtYd) (width 0.05))
    (fp_line (start 1.65 -0.73) (end 1.65 0.73) (layer F.CrtYd) (width 0.05))
    (fp_line (start 1.65 0.73) (end -1.65 0.73) (layer F.CrtYd) (width 0.05))
    (fp_text user %R (at 0 0 270) (layer F.Fab)
      (effects (font (size 0.4 0.4) (thickness 0.06)))
    )
    (pad 1 smd roundrect (at -0.875 0 270) (size 1.05 0.95) (layers F.Cu F.Paste F.Mask) (roundrect_rratio 0.25)
      (net 2 +24V))
    (pad 2 smd roundrect (at 0.875 0 270) (size 1.05 0.95) (layers F.Cu F.Paste F.Mask) (roundrect_rratio 0.25)
      (net 1 GND))
    (model ${KISYS3DMOD}/Capacitor_SMD.3dshapes/C_0603_1608Metric.wrl
      (at (xyz 0 0 0))
      (scale (xyz 1 1 1))
      (rotate (xyz 0 0 0))
    )
  )

  (module Capacitor_SMD:C_0603_1608Metric_Pad1.05x0.95mm_HandSolder (layer F.Cu) (tedit 5B301BBE) (tstamp 5C8448BF)
    (at 114.005 127.33 180)
    (descr "Capacitor SMD 0603 (1608 Metric), square (rectangular) end terminal, IPC_7351 nominal with elongated pad for handsoldering. (Body size source: http://www.tortai-tech.com/upload/download/2011102023233369053.pdf), generated with kicad-footprint-generator")
    (tags "capacitor handsolder")
    (path /5930245B)
    (attr smd)
    (fp_text reference C2 (at 0 1.35 180) (layer F.SilkS)
      (effects (font (size 1 1) (thickness 0.15)))
    )
    (fp_text value 0.1UF (at 0 1.43 180) (layer F.Fab)
      (effects (font (size 1 1) (thickness 0.15)))
    )
    (fp_line (start -0.8 0.4) (end -0.8 -0.4) (layer F.Fab) (width 0.1))
    (fp_line (start -0.8 -0.4) (end 0.8 -0.4) (layer F.Fab) (width 0.1))
    (fp_line (start 0.8 -0.4) (end 0.8 0.4) (layer F.Fab) (width 0.1))
    (fp_line (start 0.8 0.4) (end -0.8 0.4) (layer F.Fab) (width 0.1))
    (fp_line (start -0.171267 -0.51) (end 0.171267 -0.51) (layer F.SilkS) (width 0.12))
    (fp_line (start -0.171267 0.51) (end 0.171267 0.51) (layer F.SilkS) (width 0.12))
    (fp_line (start -1.65 0.73) (end -1.65 -0.73) (layer F.CrtYd) (width 0.05))
    (fp_line (start -1.65 -0.73) (end 1.65 -0.73) (layer F.CrtYd) (width 0.05))
    (fp_line (start 1.65 -0.73) (end 1.65 0.73) (layer F.CrtYd) (width 0.05))
    (fp_line (start 1.65 0.73) (end -1.65 0.73) (layer F.CrtYd) (width 0.05))
    (fp_text user %R (at 0 0 180) (layer F.Fab)
      (effects (font (size 0.4 0.4) (thickness 0.06)))
    )
    (pad 1 smd roundrect (at -0.875 0 180) (size 1.05 0.95) (layers F.Cu F.Paste F.Mask) (roundrect_rratio 0.25)
      (net 3 +3V3))
    (pad 2 smd roundrect (at 0.875 0 180) (size 1.05 0.95) (layers F.Cu F.Paste F.Mask) (roundrect_rratio 0.25)
      (net 1 GND))
    (model ${KISYS3DMOD}/Capacitor_SMD.3dshapes/C_0603_1608Metric.wrl
      (at (xyz 0 0 0))
      (scale (xyz 1 1 1))
      (rotate (xyz 0 0 0))
    )
  )

  (module Capacitor_SMD:C_0603_1608Metric_Pad1.05x0.95mm_HandSolder (layer F.Cu) (tedit 5B301BBE) (tstamp 5C8B69E3)
    (at 145.75 119.125 270)
    (descr "Capacitor SMD 0603 (1608 Metric), square (rectangular) end terminal, IPC_7351 nominal with elongated pad for handsoldering. (Body size source: http://www.tortai-tech.com/upload/download/2011102023233369053.pdf), generated with kicad-footprint-generator")
    (tags "capacitor handsolder")
    (path /5C7B0980)
    (attr smd)
    (fp_text reference C3 (at 0.375 2) (layer F.SilkS)
      (effects (font (size 1 1) (thickness 0.15)))
    )
    (fp_text value 1uF (at 3.25 0 270) (layer F.Fab)
      (effects (font (size 1 1) (thickness 0.15)))
    )
    (fp_line (start -0.8 0.4) (end -0.8 -0.4) (layer F.Fab) (width 0.1))
    (fp_line (start -0.8 -0.4) (end 0.8 -0.4) (layer F.Fab) (width 0.1))
    (fp_line (start 0.8 -0.4) (end 0.8 0.4) (layer F.Fab) (width 0.1))
    (fp_line (start 0.8 0.4) (end -0.8 0.4) (layer F.Fab) (width 0.1))
    (fp_line (start -0.171267 -0.51) (end 0.171267 -0.51) (layer F.SilkS) (width 0.12))
    (fp_line (start -0.171267 0.51) (end 0.171267 0.51) (layer F.SilkS) (width 0.12))
    (fp_line (start -1.65 0.73) (end -1.65 -0.73) (layer F.CrtYd) (width 0.05))
    (fp_line (start -1.65 -0.73) (end 1.65 -0.73) (layer F.CrtYd) (width 0.05))
    (fp_line (start 1.65 -0.73) (end 1.65 0.73) (layer F.CrtYd) (width 0.05))
    (fp_line (start 1.65 0.73) (end -1.65 0.73) (layer F.CrtYd) (width 0.05))
    (fp_text user %R (at 0 0 270) (layer F.Fab)
      (effects (font (size 0.4 0.4) (thickness 0.06)))
    )
    (pad 1 smd roundrect (at -0.875 0 270) (size 1.05 0.95) (layers F.Cu F.Paste F.Mask) (roundrect_rratio 0.25)
      (net 2 +24V))
    (pad 2 smd roundrect (at 0.875 0 270) (size 1.05 0.95) (layers F.Cu F.Paste F.Mask) (roundrect_rratio 0.25)
      (net 1 GND))
    (model ${KISYS3DMOD}/Capacitor_SMD.3dshapes/C_0603_1608Metric.wrl
      (at (xyz 0 0 0))
      (scale (xyz 1 1 1))
      (rotate (xyz 0 0 0))
    )
  )

  (module Capacitor_SMD:C_0603_1608Metric_Pad1.05x0.95mm_HandSolder (layer F.Cu) (tedit 5B301BBE) (tstamp 5C861665)
    (at 169.7 121.425)
    (descr "Capacitor SMD 0603 (1608 Metric), square (rectangular) end terminal, IPC_7351 nominal with elongated pad for handsoldering. (Body size source: http://www.tortai-tech.com/upload/download/2011102023233369053.pdf), generated with kicad-footprint-generator")
    (tags "capacitor handsolder")
    (path /5C7ACF8A)
    (attr smd)
    (fp_text reference C4 (at 0 -1.43) (layer F.SilkS)
      (effects (font (size 1 1) (thickness 0.15)))
    )
    (fp_text value 10uF (at 0 1.43) (layer F.Fab)
      (effects (font (size 1 1) (thickness 0.15)))
    )
    (fp_text user %R (at 0 0) (layer F.Fab)
      (effects (font (size 0.4 0.4) (thickness 0.06)))
    )
    (fp_line (start 1.65 0.73) (end -1.65 0.73) (layer F.CrtYd) (width 0.05))
    (fp_line (start 1.65 -0.73) (end 1.65 0.73) (layer F.CrtYd) (width 0.05))
    (fp_line (start -1.65 -0.73) (end 1.65 -0.73) (layer F.CrtYd) (width 0.05))
    (fp_line (start -1.65 0.73) (end -1.65 -0.73) (layer F.CrtYd) (width 0.05))
    (fp_line (start -0.171267 0.51) (end 0.171267 0.51) (layer F.SilkS) (width 0.12))
    (fp_line (start -0.171267 -0.51) (end 0.171267 -0.51) (layer F.SilkS) (width 0.12))
    (fp_line (start 0.8 0.4) (end -0.8 0.4) (layer F.Fab) (width 0.1))
    (fp_line (start 0.8 -0.4) (end 0.8 0.4) (layer F.Fab) (width 0.1))
    (fp_line (start -0.8 -0.4) (end 0.8 -0.4) (layer F.Fab) (width 0.1))
    (fp_line (start -0.8 0.4) (end -0.8 -0.4) (layer F.Fab) (width 0.1))
    (pad 2 smd roundrect (at 0.875 0) (size 1.05 0.95) (layers F.Cu F.Paste F.Mask) (roundrect_rratio 0.25)
      (net 1 GND))
    (pad 1 smd roundrect (at -0.875 0) (size 1.05 0.95) (layers F.Cu F.Paste F.Mask) (roundrect_rratio 0.25)
      (net 3 +3V3))
    (model ${KISYS3DMOD}/Capacitor_SMD.3dshapes/C_0603_1608Metric.wrl
      (at (xyz 0 0 0))
      (scale (xyz 1 1 1))
      (rotate (xyz 0 0 0))
    )
  )

  (module Capacitor_SMD:C_0603_1608Metric_Pad1.05x0.95mm_HandSolder (layer F.Cu) (tedit 5B301BBE) (tstamp 5C8B6A05)
    (at 145.625 123.8)
    (descr "Capacitor SMD 0603 (1608 Metric), square (rectangular) end terminal, IPC_7351 nominal with elongated pad for handsoldering. (Body size source: http://www.tortai-tech.com/upload/download/2011102023233369053.pdf), generated with kicad-footprint-generator")
    (tags "capacitor handsolder")
    (path /5C7B0AAC)
    (attr smd)
    (fp_text reference C5 (at 0 -1.43) (layer F.SilkS)
      (effects (font (size 1 1) (thickness 0.15)))
    )
    (fp_text value 1uF (at 0 1.43) (layer F.Fab)
      (effects (font (size 1 1) (thickness 0.15)))
    )
    (fp_text user %R (at 0 0) (layer F.Fab)
      (effects (font (size 0.4 0.4) (thickness 0.06)))
    )
    (fp_line (start 1.65 0.73) (end -1.65 0.73) (layer F.CrtYd) (width 0.05))
    (fp_line (start 1.65 -0.73) (end 1.65 0.73) (layer F.CrtYd) (width 0.05))
    (fp_line (start -1.65 -0.73) (end 1.65 -0.73) (layer F.CrtYd) (width 0.05))
    (fp_line (start -1.65 0.73) (end -1.65 -0.73) (layer F.CrtYd) (width 0.05))
    (fp_line (start -0.171267 0.51) (end 0.171267 0.51) (layer F.SilkS) (width 0.12))
    (fp_line (start -0.171267 -0.51) (end 0.171267 -0.51) (layer F.SilkS) (width 0.12))
    (fp_line (start 0.8 0.4) (end -0.8 0.4) (layer F.Fab) (width 0.1))
    (fp_line (start 0.8 -0.4) (end 0.8 0.4) (layer F.Fab) (width 0.1))
    (fp_line (start -0.8 -0.4) (end 0.8 -0.4) (layer F.Fab) (width 0.1))
    (fp_line (start -0.8 0.4) (end -0.8 -0.4) (layer F.Fab) (width 0.1))
    (pad 2 smd roundrect (at 0.875 0) (size 1.05 0.95) (layers F.Cu F.Paste F.Mask) (roundrect_rratio 0.25)
      (net 1 GND))
    (pad 1 smd roundrect (at -0.875 0) (size 1.05 0.95) (layers F.Cu F.Paste F.Mask) (roundrect_rratio 0.25)
      (net 3 +3V3))
    (model ${KISYS3DMOD}/Capacitor_SMD.3dshapes/C_0603_1608Metric.wrl
      (at (xyz 0 0 0))
      (scale (xyz 1 1 1))
      (rotate (xyz 0 0 0))
    )
  )

  (module Capacitor_SMD:C_0603_1608Metric_Pad1.05x0.95mm_HandSolder (layer F.Cu) (tedit 5B301BBE) (tstamp 5C8B6A16)
    (at 168.6 126.7 270)
    (descr "Capacitor SMD 0603 (1608 Metric), square (rectangular) end terminal, IPC_7351 nominal with elongated pad for handsoldering. (Body size source: http://www.tortai-tech.com/upload/download/2011102023233369053.pdf), generated with kicad-footprint-generator")
    (tags "capacitor handsolder")
    (path /5C7ACD13)
    (attr smd)
    (fp_text reference C6 (at -3 0 270) (layer F.SilkS)
      (effects (font (size 1 1) (thickness 0.15)))
    )
    (fp_text value 0.1uF (at 0 1.43 270) (layer F.Fab)
      (effects (font (size 1 1) (thickness 0.15)))
    )
    (fp_line (start -0.8 0.4) (end -0.8 -0.4) (layer F.Fab) (width 0.1))
    (fp_line (start -0.8 -0.4) (end 0.8 -0.4) (layer F.Fab) (width 0.1))
    (fp_line (start 0.8 -0.4) (end 0.8 0.4) (layer F.Fab) (width 0.1))
    (fp_line (start 0.8 0.4) (end -0.8 0.4) (layer F.Fab) (width 0.1))
    (fp_line (start -0.171267 -0.51) (end 0.171267 -0.51) (layer F.SilkS) (width 0.12))
    (fp_line (start -0.171267 0.51) (end 0.171267 0.51) (layer F.SilkS) (width 0.12))
    (fp_line (start -1.65 0.73) (end -1.65 -0.73) (layer F.CrtYd) (width 0.05))
    (fp_line (start -1.65 -0.73) (end 1.65 -0.73) (layer F.CrtYd) (width 0.05))
    (fp_line (start 1.65 -0.73) (end 1.65 0.73) (layer F.CrtYd) (width 0.05))
    (fp_line (start 1.65 0.73) (end -1.65 0.73) (layer F.CrtYd) (width 0.05))
    (fp_text user %R (at 0 0 270) (layer F.Fab)
      (effects (font (size 0.4 0.4) (thickness 0.06)))
    )
    (pad 1 smd roundrect (at -0.875 0 270) (size 1.05 0.95) (layers F.Cu F.Paste F.Mask) (roundrect_rratio 0.25)
      (net 3 +3V3))
    (pad 2 smd roundrect (at 0.875 0 270) (size 1.05 0.95) (layers F.Cu F.Paste F.Mask) (roundrect_rratio 0.25)
      (net 1 GND))
    (model ${KISYS3DMOD}/Capacitor_SMD.3dshapes/C_0603_1608Metric.wrl
      (at (xyz 0 0 0))
      (scale (xyz 1 1 1))
      (rotate (xyz 0 0 0))
    )
  )

  (module Capacitor_SMD:C_0603_1608Metric_Pad1.05x0.95mm_HandSolder (layer F.Cu) (tedit 5B301BBE) (tstamp 5C8B6A27)
    (at 170.6 126.7 270)
    (descr "Capacitor SMD 0603 (1608 Metric), square (rectangular) end terminal, IPC_7351 nominal with elongated pad for handsoldering. (Body size source: http://www.tortai-tech.com/upload/download/2011102023233369053.pdf), generated with kicad-footprint-generator")
    (tags "capacitor handsolder")
    (path /5C7ACD67)
    (attr smd)
    (fp_text reference C7 (at -3 0 270) (layer F.SilkS)
      (effects (font (size 1 1) (thickness 0.15)))
    )
    (fp_text value 0.1uF (at 0 1.43 270) (layer F.Fab)
      (effects (font (size 1 1) (thickness 0.15)))
    )
    (fp_text user %R (at 0 0 270) (layer F.Fab)
      (effects (font (size 0.4 0.4) (thickness 0.06)))
    )
    (fp_line (start 1.65 0.73) (end -1.65 0.73) (layer F.CrtYd) (width 0.05))
    (fp_line (start 1.65 -0.73) (end 1.65 0.73) (layer F.CrtYd) (width 0.05))
    (fp_line (start -1.65 -0.73) (end 1.65 -0.73) (layer F.CrtYd) (width 0.05))
    (fp_line (start -1.65 0.73) (end -1.65 -0.73) (layer F.CrtYd) (width 0.05))
    (fp_line (start -0.171267 0.51) (end 0.171267 0.51) (layer F.SilkS) (width 0.12))
    (fp_line (start -0.171267 -0.51) (end 0.171267 -0.51) (layer F.SilkS) (width 0.12))
    (fp_line (start 0.8 0.4) (end -0.8 0.4) (layer F.Fab) (width 0.1))
    (fp_line (start 0.8 -0.4) (end 0.8 0.4) (layer F.Fab) (width 0.1))
    (fp_line (start -0.8 -0.4) (end 0.8 -0.4) (layer F.Fab) (width 0.1))
    (fp_line (start -0.8 0.4) (end -0.8 -0.4) (layer F.Fab) (width 0.1))
    (pad 2 smd roundrect (at 0.875 0 270) (size 1.05 0.95) (layers F.Cu F.Paste F.Mask) (roundrect_rratio 0.25)
      (net 1 GND))
    (pad 1 smd roundrect (at -0.875 0 270) (size 1.05 0.95) (layers F.Cu F.Paste F.Mask) (roundrect_rratio 0.25)
      (net 3 +3V3))
    (model ${KISYS3DMOD}/Capacitor_SMD.3dshapes/C_0603_1608Metric.wrl
      (at (xyz 0 0 0))
      (scale (xyz 1 1 1))
      (rotate (xyz 0 0 0))
    )
  )

  (module Capacitor_SMD:C_0603_1608Metric_Pad1.05x0.95mm_HandSolder (layer F.Cu) (tedit 5B301BBE) (tstamp 5C8B6A38)
    (at 176.725 125.7)
    (descr "Capacitor SMD 0603 (1608 Metric), square (rectangular) end terminal, IPC_7351 nominal with elongated pad for handsoldering. (Body size source: http://www.tortai-tech.com/upload/download/2011102023233369053.pdf), generated with kicad-footprint-generator")
    (tags "capacitor handsolder")
    (path /5C7ACF3C)
    (attr smd)
    (fp_text reference C8 (at 0 -1.43) (layer F.SilkS)
      (effects (font (size 1 1) (thickness 0.15)))
    )
    (fp_text value 1uF (at 0 1.43) (layer F.Fab)
      (effects (font (size 1 1) (thickness 0.15)))
    )
    (fp_line (start -0.8 0.4) (end -0.8 -0.4) (layer F.Fab) (width 0.1))
    (fp_line (start -0.8 -0.4) (end 0.8 -0.4) (layer F.Fab) (width 0.1))
    (fp_line (start 0.8 -0.4) (end 0.8 0.4) (layer F.Fab) (width 0.1))
    (fp_line (start 0.8 0.4) (end -0.8 0.4) (layer F.Fab) (width 0.1))
    (fp_line (start -0.171267 -0.51) (end 0.171267 -0.51) (layer F.SilkS) (width 0.12))
    (fp_line (start -0.171267 0.51) (end 0.171267 0.51) (layer F.SilkS) (width 0.12))
    (fp_line (start -1.65 0.73) (end -1.65 -0.73) (layer F.CrtYd) (width 0.05))
    (fp_line (start -1.65 -0.73) (end 1.65 -0.73) (layer F.CrtYd) (width 0.05))
    (fp_line (start 1.65 -0.73) (end 1.65 0.73) (layer F.CrtYd) (width 0.05))
    (fp_line (start 1.65 0.73) (end -1.65 0.73) (layer F.CrtYd) (width 0.05))
    (fp_text user %R (at 0 0) (layer F.Fab)
      (effects (font (size 0.4 0.4) (thickness 0.06)))
    )
    (pad 1 smd roundrect (at -0.875 0) (size 1.05 0.95) (layers F.Cu F.Paste F.Mask) (roundrect_rratio 0.25)
      (net 3 +3V3))
    (pad 2 smd roundrect (at 0.875 0) (size 1.05 0.95) (layers F.Cu F.Paste F.Mask) (roundrect_rratio 0.25)
      (net 1 GND))
    (model ${KISYS3DMOD}/Capacitor_SMD.3dshapes/C_0603_1608Metric.wrl
      (at (xyz 0 0 0))
      (scale (xyz 1 1 1))
      (rotate (xyz 0 0 0))
    )
  )

  (module Capacitor_SMD:C_0603_1608Metric_Pad1.05x0.95mm_HandSolder (layer F.Cu) (tedit 5B301BBE) (tstamp 5C8B6A49)
    (at 97 121 270)
    (descr "Capacitor SMD 0603 (1608 Metric), square (rectangular) end terminal, IPC_7351 nominal with elongated pad for handsoldering. (Body size source: http://www.tortai-tech.com/upload/download/2011102023233369053.pdf), generated with kicad-footprint-generator")
    (tags "capacitor handsolder")
    (path /5C7CB72F)
    (attr smd)
    (fp_text reference C9 (at 0 1.5 90) (layer F.SilkS)
      (effects (font (size 1 1) (thickness 0.15)))
    )
    (fp_text value 1uF (at 0 -1.5 270) (layer F.Fab)
      (effects (font (size 1 1) (thickness 0.15)))
    )
    (fp_text user %R (at 0 0 270) (layer F.Fab)
      (effects (font (size 0.4 0.4) (thickness 0.06)))
    )
    (fp_line (start 1.65 0.73) (end -1.65 0.73) (layer F.CrtYd) (width 0.05))
    (fp_line (start 1.65 -0.73) (end 1.65 0.73) (layer F.CrtYd) (width 0.05))
    (fp_line (start -1.65 -0.73) (end 1.65 -0.73) (layer F.CrtYd) (width 0.05))
    (fp_line (start -1.65 0.73) (end -1.65 -0.73) (layer F.CrtYd) (width 0.05))
    (fp_line (start -0.171267 0.51) (end 0.171267 0.51) (layer F.SilkS) (width 0.12))
    (fp_line (start -0.171267 -0.51) (end 0.171267 -0.51) (layer F.SilkS) (width 0.12))
    (fp_line (start 0.8 0.4) (end -0.8 0.4) (layer F.Fab) (width 0.1))
    (fp_line (start 0.8 -0.4) (end 0.8 0.4) (layer F.Fab) (width 0.1))
    (fp_line (start -0.8 -0.4) (end 0.8 -0.4) (layer F.Fab) (width 0.1))
    (fp_line (start -0.8 0.4) (end -0.8 -0.4) (layer F.Fab) (width 0.1))
    (pad 2 smd roundrect (at 0.875 0 270) (size 1.05 0.95) (layers F.Cu F.Paste F.Mask) (roundrect_rratio 0.25)
      (net 1 GND))
    (pad 1 smd roundrect (at -0.875 0 270) (size 1.05 0.95) (layers F.Cu F.Paste F.Mask) (roundrect_rratio 0.25)
      (net 4 "Net-(C9-Pad1)"))
    (model ${KISYS3DMOD}/Capacitor_SMD.3dshapes/C_0603_1608Metric.wrl
      (at (xyz 0 0 0))
      (scale (xyz 1 1 1))
      (rotate (xyz 0 0 0))
    )
  )

  (module Capacitor_SMD:C_0603_1608Metric_Pad1.05x0.95mm_HandSolder (layer F.Cu) (tedit 5B301BBE) (tstamp 5C8B6A5A)
    (at 135.35 108.8 180)
